# HEADER
# ======
# label             si-id-vpu29-a-vertical
# harmonics         0
# main_harmonic     0 normal
# rescaling_factor  1.0
# units             mm   T.m T.m


# KParam    By[T]*Lamba[m]    Bx[T]*Lambda[m]
# ==========================================
09.70	0.000000e+00	2.397883e-02
10.05	0.000000e+00	2.303565e-02
10.40	0.000000e+00	2.213055e-02
10.75	0.000000e+00	2.126194e-02
11.11	0.000000e+00	2.042833e-02
11.46	0.000000e+00	1.962826e-02
11.81	0.000000e+00	1.886035e-02
12.16	0.000000e+00	1.812329e-02
12.51	0.000000e+00	1.741579e-02
12.86	0.000000e+00	1.673665e-02
13.21	0.000000e+00	1.608470e-02
13.57	0.000000e+00	1.545882e-02
13.92	0.000000e+00	1.485795e-02
14.27	0.000000e+00	1.428107e-02
14.62	0.000000e+00	1.372718e-02
14.97	0.000000e+00	1.319536e-02
15.32	0.000000e+00	1.268470e-02
15.68	0.000000e+00	1.219434e-02
16.03	0.000000e+00	1.172345e-02
16.38	0.000000e+00	1.127124e-02
16.73	0.000000e+00	1.083695e-02
17.08	0.000000e+00	1.041985e-02
17.43	0.000000e+00	1.001924e-02
17.78	0.000000e+00	9.634459e-03
18.14	0.000000e+00	9.264863e-03
18.49	0.000000e+00	8.909837e-03
18.84	0.000000e+00	8.568792e-03
19.19	0.000000e+00	8.241163e-03
19.54	0.000000e+00	7.926410e-03
19.89	0.000000e+00	7.624013e-03
20.24	0.000000e+00	7.333475e-03
20.60	0.000000e+00	7.054319e-03
20.95	0.000000e+00	6.786088e-03
21.30	0.000000e+00	6.528343e-03
21.65	0.000000e+00	6.280663e-03
22.00	0.000000e+00	6.042646e-03
22.35	0.000000e+00	5.813905e-03
22.71	0.000000e+00	5.594068e-03
23.06	0.000000e+00	5.382780e-03
23.41	0.000000e+00	5.179701e-03
23.76	0.000000e+00	4.984502e-03
24.11	0.000000e+00	4.796870e-03
24.46	0.000000e+00	4.616504e-03
24.81	0.000000e+00	4.443115e-03
25.17	0.000000e+00	4.276427e-03
25.52	0.000000e+00	4.116173e-03
25.87	0.000000e+00	3.962098e-03
26.22	0.000000e+00	3.813958e-03
26.57	0.000000e+00	3.671519e-03
26.92	0.000000e+00	3.534554e-03
27.27	0.000000e+00	3.402849e-03
27.63	0.000000e+00	3.276195e-03
27.98	0.000000e+00	3.154394e-03
28.33	0.000000e+00	3.037254e-03
28.68	0.000000e+00	2.924594e-03
29.03	0.000000e+00	2.816235e-03
29.38	0.000000e+00	2.712011e-03
29.74	0.000000e+00	2.611759e-03
30.09	0.000000e+00	2.515323e-03
30.44	0.000000e+00	2.422555e-03
30.79	0.000000e+00	2.333310e-03
31.14	0.000000e+00	2.247452e-03
31.49	0.000000e+00	2.164849e-03
31.84	0.000000e+00	2.085373e-03
32.20	0.000000e+00	2.008903e-03
32.55	0.000000e+00	1.935322e-03
32.90	0.000000e+00	1.864519e-03
33.25	0.000000e+00	1.796384e-03
33.60	0.000000e+00	1.730816e-03
33.95	0.000000e+00	1.667714e-03
34.30	0.000000e+00	1.606983e-03
34.66	0.000000e+00	1.548532e-03
35.01	0.000000e+00	1.492273e-03
35.36	0.000000e+00	1.438121e-03
35.71	0.000000e+00	1.385994e-03
36.06	0.000000e+00	1.335816e-03
36.41	0.000000e+00	1.287511e-03
36.77	0.000000e+00	1.241008e-03
37.12	0.000000e+00	1.196236e-03
37.47	0.000000e+00	1.153131e-03
37.82	0.000000e+00	1.111627e-03
38.17	0.000000e+00	1.071665e-03
38.52	0.000000e+00	1.033184e-03
38.87	0.000000e+00	9.961295e-04
39.23	0.000000e+00	9.604458e-04
39.58	0.000000e+00	9.260810e-04
39.93	0.000000e+00	8.929851e-04
40.28	0.000000e+00	8.611098e-04
40.63	0.000000e+00	8.304088e-04
40.98	0.000000e+00	8.008375e-04
41.33	0.000000e+00	7.723533e-04
41.69	0.000000e+00	7.449149e-04
42.04	0.000000e+00	7.184829e-04
42.39	0.000000e+00	6.930192e-04
42.74	0.000000e+00	6.684874e-04
43.09	0.000000e+00	6.448523e-04
43.44	0.000000e+00	6.220802e-04
43.80	0.000000e+00	6.001387e-04
44.15	0.000000e+00	5.789965e-04
44.50	0.000000e+00	5.586236e-04
44.85	0.000000e+00	5.389913e-04
45.20	0.000000e+00	5.200719e-04
45.55	0.000000e+00	5.018385e-04
45.90	0.000000e+00	4.842658e-04
46.26	0.000000e+00	4.673289e-04
46.61	0.000000e+00	4.510042e-04
46.96	0.000000e+00	4.352688e-04
47.31	0.000000e+00	4.201010e-04
47.66	0.000000e+00	4.054795e-04
48.01	0.000000e+00	3.913841e-04
48.36	0.000000e+00	3.777953e-04
48.72	0.000000e+00	3.646943e-04
49.07	0.000000e+00	3.520631e-04
49.42	0.000000e+00	3.398844e-04
49.77	0.000000e+00	3.281413e-04
50.12	0.000000e+00	3.168180e-04
50.47	0.000000e+00	3.058988e-04
50.83	0.000000e+00	2.953689e-04
51.18	0.000000e+00	2.852140e-04
51.53	0.000000e+00	2.754203e-04
51.88	0.000000e+00	2.659747e-04
52.23	0.000000e+00	2.568642e-04
52.58	0.000000e+00	2.480768e-04
52.93	0.000000e+00	2.396005e-04
53.29	0.000000e+00	2.314239e-04
53.64	0.000000e+00	2.235363e-04
53.99	0.000000e+00	2.159269e-04
54.34	0.000000e+00	2.085858e-04
54.69	0.000000e+00	2.015031e-04
55.04	0.000000e+00	1.946695e-04
55.39	0.000000e+00	1.880758e-04
55.75	0.000000e+00	1.817135e-04
56.10	0.000000e+00	1.755742e-04
56.45	0.000000e+00	1.696497e-04
56.80	0.000000e+00	1.639323e-04
57.15	0.000000e+00	1.584146e-04
57.50	0.000000e+00	1.530893e-04
57.86	0.000000e+00	1.479496e-04
58.21	0.000000e+00	1.429887e-04
58.56	0.000000e+00	1.382002e-04
58.91	0.000000e+00	1.335779e-04
59.26	0.000000e+00	1.291159e-04
59.61	0.000000e+00	1.248085e-04
59.96	0.000000e+00	1.206500e-04
60.32	0.000000e+00	1.166353e-04
60.67	0.000000e+00	1.127590e-04
61.02	0.000000e+00	1.090164e-04
61.37	0.000000e+00	1.054027e-04
61.72	0.000000e+00	1.019132e-04
62.07	0.000000e+00	9.854359e-05
62.42	0.000000e+00	9.528956e-05
62.78	0.000000e+00	9.214704e-05
63.13	0.000000e+00	8.911207e-05
63.48	0.000000e+00	8.618085e-05
63.83	0.000000e+00	8.334971e-05
64.18	0.000000e+00	8.061512e-05
64.53	0.000000e+00	7.797368e-05
64.89	0.000000e+00	7.542210e-05
65.24	0.000000e+00	7.295723e-05
65.59	0.000000e+00	7.057601e-05
65.94	0.000000e+00	6.827551e-05
66.29	0.000000e+00	6.605291e-05
66.64	0.000000e+00	6.390546e-05
66.99	0.000000e+00	6.183055e-05
67.35	0.000000e+00	5.982564e-05
67.70	0.000000e+00	5.788828e-05
68.05	0.000000e+00	5.601612e-05
68.40	0.000000e+00	5.420690e-05
68.75	0.000000e+00	5.245841e-05
69.10	0.000000e+00	5.076856e-05
69.45	0.000000e+00	4.913530e-05
69.81	0.000000e+00	4.755667e-05
70.16	0.000000e+00	4.603078e-05
70.51	0.000000e+00	4.455582e-05
70.86	0.000000e+00	4.313001e-05
71.21	0.000000e+00	4.175166e-05
71.56	0.000000e+00	4.041914e-05
71.92	0.000000e+00	3.913087e-05
72.27	0.000000e+00	3.788532e-05
72.62	0.000000e+00	3.668103e-05
72.97	0.000000e+00	3.551658e-05
73.32	0.000000e+00	3.439061e-05
73.67	0.000000e+00	3.330180e-05
74.02	0.000000e+00	3.224888e-05
74.38	0.000000e+00	3.123063e-05
74.73	0.000000e+00	3.024585e-05
75.08	0.000000e+00	2.929342e-05
75.43	0.000000e+00	2.837222e-05
75.78	0.000000e+00	2.748120e-05
76.13	0.000000e+00	2.661933e-05
76.48	0.000000e+00	2.578563e-05
76.84	0.000000e+00	2.497913e-05
77.19	0.000000e+00	2.419893e-05
77.54	0.000000e+00	2.344412e-05
77.89	0.000000e+00	2.271386e-05
78.24	0.000000e+00	2.200731e-05
78.59	0.000000e+00	2.132367e-05
78.95	0.000000e+00	2.066218e-05
79.30	0.000000e+00	2.002209e-05
79.65	0.000000e+00	1.940268e-05
80.00	0.000000e+00	1.880327e-05

# COMMENTS
# ========
#
# 1. Measurement data at the sharepoint Undulators in the folder:
#    https://cnpemcamp.sharepoint.com/:f:/s/lnls/projects/Undulators/IgARGR7V1PbUT7t4Gw8GvpxMAY8hM8mLX1V2sWo-HbsUD7g?e=J239kC
#
# 2. K ~ 93.3729/(T.m) * (lambda * B)
#    This table contains lambda * B as a function of the ID configuration.
#    In terms of maximum deflection angle,
#        lambda * B == 2 * pi * Brho * x'_max
#        where x'_max is taken from fitting RK trajectory within
#        40 central periods (20 before and 20 after the ID center)
#
# 3. Polynomial of order 6 is fitted to data in order to filter out
#    data fluctuations. In this case the number of data points was not
#    increased in the fitting process.
#
# 4. Excdata is generated with script
#    'generate_tables.ipynb' at the lnls-ids organization github in the
#    excitation_data folder of the repo:
#    https://github.com/lnls-ids/insertion-devices.git'
