# HEADER
# ======
# label             si-id-delta52-circularn
# harmonics         0
# main_harmonic     0 normal
# rescaling_factor  1.0
# units             mm   T.m T.m


# KParam    By[T]*Lamba[m]    Bx[T]*Lambda[m]
# ==========================================
00.00	6.901986e-04	6.901986e-04
00.13	9.459856e-04	9.459856e-04
00.26	1.201714e-03	1.201714e-03
00.39	1.457369e-03	1.457369e-03
00.53	1.712934e-03	1.712934e-03
00.66	1.968393e-03	1.968393e-03
00.79	2.223730e-03	2.223730e-03
00.92	2.478931e-03	2.478931e-03
01.05	2.733978e-03	2.733978e-03
01.18	2.988857e-03	2.988857e-03
01.31	3.243552e-03	3.243552e-03
01.44	3.498046e-03	3.498046e-03
01.58	3.752325e-03	3.752325e-03
01.71	4.006372e-03	4.006372e-03
01.84	4.260172e-03	4.260172e-03
01.97	4.513710e-03	4.513710e-03
02.10	4.766969e-03	4.766969e-03
02.23	5.019933e-03	5.019933e-03
02.36	5.272589e-03	5.272589e-03
02.49	5.524918e-03	5.524918e-03
02.62	5.776908e-03	5.776908e-03
02.76	6.028540e-03	6.028540e-03
02.89	6.279801e-03	6.279801e-03
03.02	6.530675e-03	6.530675e-03
03.15	6.781146e-03	6.781146e-03
03.28	7.031198e-03	7.031198e-03
03.41	7.280817e-03	7.280817e-03
03.54	7.529986e-03	7.529986e-03
03.68	7.778691e-03	7.778691e-03
03.81	8.026917e-03	8.026917e-03
03.94	8.274647e-03	8.274647e-03
04.07	8.521866e-03	8.521866e-03
04.20	8.768561e-03	8.768561e-03
04.33	9.014714e-03	9.014714e-03
04.46	9.260311e-03	9.260311e-03
04.59	9.505337e-03	9.505337e-03
04.73	9.749776e-03	9.749776e-03
04.86	9.993614e-03	9.993614e-03
04.99	1.023684e-02	1.023684e-02
05.12	1.047943e-02	1.047943e-02
05.25	1.072137e-02	1.072137e-02
05.38	1.096265e-02	1.096265e-02
05.51	1.120326e-02	1.120326e-02
05.64	1.144317e-02	1.144317e-02
05.78	1.168238e-02	1.168238e-02
05.91	1.192087e-02	1.192087e-02
06.04	1.215863e-02	1.215863e-02
06.17	1.239563e-02	1.239563e-02
06.30	1.263187e-02	1.263187e-02
06.43	1.286733e-02	1.286733e-02
06.56	1.310199e-02	1.310199e-02
06.69	1.333585e-02	1.333585e-02
06.83	1.356888e-02	1.356888e-02
06.96	1.380108e-02	1.380108e-02
07.09	1.403243e-02	1.403243e-02
07.22	1.426291e-02	1.426291e-02
07.35	1.449251e-02	1.449251e-02
07.48	1.472122e-02	1.472122e-02
07.61	1.494902e-02	1.494902e-02
07.74	1.517590e-02	1.517590e-02
07.88	1.540184e-02	1.540184e-02
08.01	1.562683e-02	1.562683e-02
08.14	1.585085e-02	1.585085e-02
08.27	1.607390e-02	1.607390e-02
08.40	1.629596e-02	1.629596e-02
08.53	1.651701e-02	1.651701e-02
08.66	1.673705e-02	1.673705e-02
08.79	1.695605e-02	1.695605e-02
08.93	1.717400e-02	1.717400e-02
09.06	1.739090e-02	1.739090e-02
09.19	1.760672e-02	1.760672e-02
09.32	1.782146e-02	1.782146e-02
09.45	1.803510e-02	1.803510e-02
09.58	1.824762e-02	1.824762e-02
09.71	1.845902e-02	1.845902e-02
09.84	1.866928e-02	1.866928e-02
09.97	1.887839e-02	1.887839e-02
10.11	1.908634e-02	1.908634e-02
10.24	1.929311e-02	1.929311e-02
10.37	1.949868e-02	1.949868e-02
10.50	1.970306e-02	1.970306e-02
10.63	1.990622e-02	1.990622e-02
10.76	2.010815e-02	2.010815e-02
10.89	2.030884e-02	2.030884e-02
11.03	2.050828e-02	2.050828e-02
11.16	2.070645e-02	2.070645e-02
11.29	2.090335e-02	2.090335e-02
11.42	2.109896e-02	2.109896e-02
11.55	2.129326e-02	2.129326e-02
11.68	2.148625e-02	2.148625e-02
11.81	2.167792e-02	2.167792e-02
11.94	2.186825e-02	2.186825e-02
12.08	2.205723e-02	2.205723e-02
12.21	2.224485e-02	2.224485e-02
12.34	2.243109e-02	2.243109e-02
12.47	2.261596e-02	2.261596e-02
12.60	2.279943e-02	2.279943e-02
12.73	2.298149e-02	2.298149e-02
12.86	2.316213e-02	2.316213e-02
12.99	2.334135e-02	2.334135e-02
13.12	2.351913e-02	2.351913e-02
13.26	2.369545e-02	2.369545e-02
13.39	2.387032e-02	2.387032e-02
13.52	2.404371e-02	2.404371e-02
13.65	2.421562e-02	2.421562e-02
13.78	2.438603e-02	2.438603e-02
13.91	2.455494e-02	2.455494e-02
14.04	2.472234e-02	2.472234e-02
14.18	2.488821e-02	2.488821e-02
14.31	2.505254e-02	2.505254e-02
14.44	2.521533e-02	2.521533e-02
14.57	2.537657e-02	2.537657e-02
14.70	2.553624e-02	2.553624e-02
14.83	2.569433e-02	2.569433e-02
14.96	2.585084e-02	2.585084e-02
15.09	2.600575e-02	2.600575e-02
15.23	2.615906e-02	2.615906e-02
15.36	2.631076e-02	2.631076e-02
15.49	2.646083e-02	2.646083e-02
15.62	2.660928e-02	2.660928e-02
15.75	2.675608e-02	2.675608e-02
15.88	2.690123e-02	2.690123e-02
16.01	2.704472e-02	2.704472e-02
16.14	2.718654e-02	2.718654e-02
16.28	2.732668e-02	2.732668e-02
16.41	2.746514e-02	2.746514e-02
16.54	2.760191e-02	2.760191e-02
16.67	2.773697e-02	2.773697e-02
16.80	2.787032e-02	2.787032e-02
16.93	2.800195e-02	2.800195e-02
17.06	2.813186e-02	2.813186e-02
17.19	2.826003e-02	2.826003e-02
17.32	2.838646e-02	2.838646e-02
17.46	2.851113e-02	2.851113e-02
17.59	2.863405e-02	2.863405e-02
17.72	2.875520e-02	2.875520e-02
17.85	2.887458e-02	2.887458e-02
17.98	2.899217e-02	2.899217e-02
18.11	2.910798e-02	2.910798e-02
18.24	2.922199e-02	2.922199e-02
18.38	2.933420e-02	2.933420e-02
18.51	2.944460e-02	2.944460e-02
18.64	2.955318e-02	2.955318e-02
18.77	2.965994e-02	2.965994e-02
18.90	2.976488e-02	2.976488e-02
19.03	2.986797e-02	2.986797e-02
19.16	2.996922e-02	2.996922e-02
19.29	3.006863e-02	3.006863e-02
19.43	3.016618e-02	3.016618e-02
19.56	3.026187e-02	3.026187e-02
19.69	3.035569e-02	3.035569e-02
19.82	3.044764e-02	3.044764e-02
19.95	3.053771e-02	3.053771e-02
20.08	3.062589e-02	3.062589e-02
20.21	3.071219e-02	3.071219e-02
20.34	3.079660e-02	3.079660e-02
20.48	3.087910e-02	3.087910e-02
20.61	3.095970e-02	3.095970e-02
20.74	3.103839e-02	3.103839e-02
20.87	3.111516e-02	3.111516e-02
21.00	3.119002e-02	3.119002e-02
21.13	3.126295e-02	3.126295e-02
21.26	3.133396e-02	3.133396e-02
21.39	3.140303e-02	3.140303e-02
21.53	3.147016e-02	3.147016e-02
21.66	3.153535e-02	3.153535e-02
21.79	3.159860e-02	3.159860e-02
21.92	3.165990e-02	3.165990e-02
22.05	3.171924e-02	3.171924e-02
22.18	3.177663e-02	3.177663e-02
22.31	3.183206e-02	3.183206e-02
22.44	3.188552e-02	3.188552e-02
22.57	3.193702e-02	3.193702e-02
22.71	3.198655e-02	3.198655e-02
22.84	3.203410e-02	3.203410e-02
22.97	3.207968e-02	3.207968e-02
23.10	3.212328e-02	3.212328e-02
23.23	3.216490e-02	3.216490e-02
23.36	3.220453e-02	3.220453e-02
23.49	3.224218e-02	3.224218e-02
23.62	3.227784e-02	3.227784e-02
23.76	3.231151e-02	3.231151e-02
23.89	3.234318e-02	3.234318e-02
24.02	3.237286e-02	3.237286e-02
24.15	3.240054e-02	3.240054e-02
24.28	3.242623e-02	3.242623e-02
24.41	3.244991e-02	3.244991e-02
24.54	3.247159e-02	3.247159e-02
24.68	3.249127e-02	3.249127e-02
24.81	3.250895e-02	3.250895e-02
24.94	3.252462e-02	3.252462e-02
25.07	3.253828e-02	3.253828e-02
25.20	3.254994e-02	3.254994e-02
25.33	3.255958e-02	3.255958e-02
25.46	3.256722e-02	3.256722e-02
25.59	3.257286e-02	3.257286e-02
25.73	3.257648e-02	3.257648e-02
25.86	3.257809e-02	3.257809e-02
25.99	3.257769e-02	3.257769e-02
26.12	3.257529e-02	3.257529e-02
26.25	3.257087e-02	3.257087e-02

# COMMENTS
# ========
#
# 1. Measurement data at the lnls-ima organization github in the repo:
#    lnls-ima/id-sabia.git
#
# 2. K ~ 93.3729/(T.m) * (lambda * B)
#    This table contains lambda * B as a function of the ID configuration.
#    In terms of maximum deflection angle,
#        lambda * B == 2 * pi * Brho * x'_max
#        where x'_max is taken from fitting RK trajectory within
#        40 central periods (20 before and 20 after the ID center)
#
# 3. Polynomial of order 6 is fitted to data in order to filter out
#    data fluctuations. In this case the number of data points was not
#    increased in the fitting process.
#
# 4. Excdata is generated with script
#    'generate_tables.ipynb' at the lnls-ids organization github in the
#    excitation_data folder of the repo:
#    https://github.com/lnls-ids/insertion-devices.git'
