# HEADER
# ======
# label             si-id-ue44-vertical
# harmonics         0
# main_harmonic     0 normal
# rescaling_factor  1.0
# units             mm   T.m T.m


# KParam    By[T]*Lamba[m]    Bx[T]*Lambda[m]
# ==========================================
00.00	0.000000e+00	2.697732e-02
00.11	0.000000e+00	2.697555e-02
00.22	0.000000e+00	2.697214e-02
00.33	0.000000e+00	2.696707e-02
00.44	0.000000e+00	2.696034e-02
00.55	0.000000e+00	2.695196e-02
00.66	0.000000e+00	2.694193e-02
00.77	0.000000e+00	2.693024e-02
00.88	0.000000e+00	2.691691e-02
00.99	0.000000e+00	2.690192e-02
01.10	0.000000e+00	2.688528e-02
01.21	0.000000e+00	2.686699e-02
01.32	0.000000e+00	2.684706e-02
01.43	0.000000e+00	2.682547e-02
01.54	0.000000e+00	2.680225e-02
01.65	0.000000e+00	2.677738e-02
01.76	0.000000e+00	2.675086e-02
01.86	0.000000e+00	2.672271e-02
01.97	0.000000e+00	2.669291e-02
02.08	0.000000e+00	2.666148e-02
02.19	0.000000e+00	2.662842e-02
02.30	0.000000e+00	2.659372e-02
02.41	0.000000e+00	2.655739e-02
02.52	0.000000e+00	2.651943e-02
02.63	0.000000e+00	2.647984e-02
02.74	0.000000e+00	2.643863e-02
02.85	0.000000e+00	2.639580e-02
02.96	0.000000e+00	2.635135e-02
03.07	0.000000e+00	2.630528e-02
03.18	0.000000e+00	2.625760e-02
03.29	0.000000e+00	2.620831e-02
03.40	0.000000e+00	2.615741e-02
03.51	0.000000e+00	2.610490e-02
03.62	0.000000e+00	2.605080e-02
03.73	0.000000e+00	2.599509e-02
03.84	0.000000e+00	2.593780e-02
03.95	0.000000e+00	2.587891e-02
04.06	0.000000e+00	2.581843e-02
04.17	0.000000e+00	2.575637e-02
04.28	0.000000e+00	2.569274e-02
04.39	0.000000e+00	2.562752e-02
04.50	0.000000e+00	2.556073e-02
04.61	0.000000e+00	2.549238e-02
04.72	0.000000e+00	2.542246e-02
04.83	0.000000e+00	2.535098e-02
04.94	0.000000e+00	2.527795e-02
05.05	0.000000e+00	2.520337e-02
05.16	0.000000e+00	2.512724e-02
05.27	0.000000e+00	2.504957e-02
05.37	0.000000e+00	2.497036e-02
05.48	0.000000e+00	2.488962e-02
05.59	0.000000e+00	2.480736e-02
05.70	0.000000e+00	2.472357e-02
05.81	0.000000e+00	2.463827e-02
05.92	0.000000e+00	2.455145e-02
06.03	0.000000e+00	2.446313e-02
06.14	0.000000e+00	2.437331e-02
06.25	0.000000e+00	2.428199e-02
06.36	0.000000e+00	2.418919e-02
06.47	0.000000e+00	2.409490e-02
06.58	0.000000e+00	2.399913e-02
06.69	0.000000e+00	2.390189e-02
06.80	0.000000e+00	2.380319e-02
06.91	0.000000e+00	2.370302e-02
07.02	0.000000e+00	2.360141e-02
07.13	0.000000e+00	2.349834e-02
07.24	0.000000e+00	2.339383e-02
07.35	0.000000e+00	2.328789e-02
07.46	0.000000e+00	2.318052e-02
07.57	0.000000e+00	2.307172e-02
07.68	0.000000e+00	2.296151e-02
07.79	0.000000e+00	2.284990e-02
07.90	0.000000e+00	2.273688e-02
08.01	0.000000e+00	2.262247e-02
08.12	0.000000e+00	2.250667e-02
08.23	0.000000e+00	2.238949e-02
08.34	0.000000e+00	2.227093e-02
08.45	0.000000e+00	2.215101e-02
08.56	0.000000e+00	2.202973e-02
08.67	0.000000e+00	2.190710e-02
08.78	0.000000e+00	2.178313e-02
08.88	0.000000e+00	2.165782e-02
08.99	0.000000e+00	2.153118e-02
09.10	0.000000e+00	2.140322e-02
09.21	0.000000e+00	2.127395e-02
09.32	0.000000e+00	2.114337e-02
09.43	0.000000e+00	2.101150e-02
09.54	0.000000e+00	2.087833e-02
09.65	0.000000e+00	2.074389e-02
09.76	0.000000e+00	2.060817e-02
09.87	0.000000e+00	2.047120e-02
09.98	0.000000e+00	2.033296e-02
10.09	0.000000e+00	2.019348e-02
10.20	0.000000e+00	2.005276e-02
10.31	0.000000e+00	1.991080e-02
10.42	0.000000e+00	1.976763e-02
10.53	0.000000e+00	1.962325e-02
10.64	0.000000e+00	1.947766e-02
10.75	0.000000e+00	1.933088e-02
10.86	0.000000e+00	1.918291e-02
10.97	0.000000e+00	1.903376e-02
11.08	0.000000e+00	1.888345e-02
11.19	0.000000e+00	1.873198e-02
11.30	0.000000e+00	1.857936e-02
11.41	0.000000e+00	1.842560e-02
11.52	0.000000e+00	1.827071e-02
11.63	0.000000e+00	1.811470e-02
11.74	0.000000e+00	1.795757e-02
11.85	0.000000e+00	1.779935e-02
11.96	0.000000e+00	1.764004e-02
12.07	0.000000e+00	1.747964e-02
12.18	0.000000e+00	1.731817e-02
12.29	0.000000e+00	1.715564e-02
12.39	0.000000e+00	1.699205e-02
12.50	0.000000e+00	1.682743e-02
12.61	0.000000e+00	1.666177e-02
12.72	0.000000e+00	1.649509e-02
12.83	0.000000e+00	1.632740e-02
12.94	0.000000e+00	1.615870e-02
13.05	0.000000e+00	1.598902e-02
13.16	0.000000e+00	1.581835e-02
13.27	0.000000e+00	1.564672e-02
13.38	0.000000e+00	1.547412e-02
13.49	0.000000e+00	1.530058e-02
13.60	0.000000e+00	1.512609e-02
13.71	0.000000e+00	1.495068e-02
13.82	0.000000e+00	1.477436e-02
13.93	0.000000e+00	1.459712e-02
14.04	0.000000e+00	1.441899e-02
14.15	0.000000e+00	1.423998e-02
14.26	0.000000e+00	1.406009e-02
14.37	0.000000e+00	1.387934e-02
14.48	0.000000e+00	1.369774e-02
14.59	0.000000e+00	1.351530e-02
14.70	0.000000e+00	1.333203e-02
14.81	0.000000e+00	1.314794e-02
14.92	0.000000e+00	1.296305e-02
15.03	0.000000e+00	1.277736e-02
15.14	0.000000e+00	1.259088e-02
15.25	0.000000e+00	1.240364e-02
15.36	0.000000e+00	1.221563e-02
15.47	0.000000e+00	1.202688e-02
15.58	0.000000e+00	1.183738e-02
15.69	0.000000e+00	1.164716e-02
15.80	0.000000e+00	1.145623e-02
15.91	0.000000e+00	1.126459e-02
16.01	0.000000e+00	1.107227e-02
16.12	0.000000e+00	1.087926e-02
16.23	0.000000e+00	1.068559e-02
16.34	0.000000e+00	1.049126e-02
16.45	0.000000e+00	1.029628e-02
16.56	0.000000e+00	1.010068e-02
16.67	0.000000e+00	9.904455e-03
16.78	0.000000e+00	9.707624e-03
16.89	0.000000e+00	9.510197e-03
17.00	0.000000e+00	9.312187e-03
17.11	0.000000e+00	9.113605e-03
17.22	0.000000e+00	8.914465e-03
17.33	0.000000e+00	8.714778e-03
17.44	0.000000e+00	8.514556e-03
17.55	0.000000e+00	8.313812e-03
17.66	0.000000e+00	8.112558e-03
17.77	0.000000e+00	7.910806e-03
17.88	0.000000e+00	7.708570e-03
17.99	0.000000e+00	7.505860e-03
18.10	0.000000e+00	7.302690e-03
18.21	0.000000e+00	7.099072e-03
18.32	0.000000e+00	6.895019e-03
18.43	0.000000e+00	6.690542e-03
18.54	0.000000e+00	6.485656e-03
18.65	0.000000e+00	6.280371e-03
18.76	0.000000e+00	6.074702e-03
18.87	0.000000e+00	5.868659e-03
18.98	0.000000e+00	5.662257e-03
19.09	0.000000e+00	5.455507e-03
19.20	0.000000e+00	5.248423e-03
19.31	0.000000e+00	5.041017e-03
19.42	0.000000e+00	4.833302e-03
19.52	0.000000e+00	4.625290e-03
19.63	0.000000e+00	4.416994e-03
19.74	0.000000e+00	4.208428e-03
19.85	0.000000e+00	3.999603e-03
19.96	0.000000e+00	3.790533e-03
20.07	0.000000e+00	3.581231e-03
20.18	0.000000e+00	3.371709e-03
20.29	0.000000e+00	3.161980e-03
20.40	0.000000e+00	2.952057e-03
20.51	0.000000e+00	2.741953e-03
20.62	0.000000e+00	2.531681e-03
20.73	0.000000e+00	2.321254e-03
20.84	0.000000e+00	2.110684e-03
20.95	0.000000e+00	1.899985e-03
21.06	0.000000e+00	1.689169e-03
21.17	0.000000e+00	1.478249e-03
21.28	0.000000e+00	1.267239e-03
21.39	0.000000e+00	1.056152e-03
21.50	0.000000e+00	8.449990e-04
21.61	0.000000e+00	6.337946e-04
21.72	0.000000e+00	4.225513e-04
21.83	0.000000e+00	2.112821e-04
21.94	0.000000e+00	1.651900e-18

# COMMENTS
# ========
#
# 1. Measurement data at the sharepoint undulators:
#    https://cnpemcamp.sharepoint.com/:f:/s/lnls/projects/Undulators/IgA3bd53KAlKSJ_5A4QNXcnWASNjCeDJ-RjK-mj16EaL4tw?e=f1dFxD
#
# 2. K ~ 93.3729/(T.m) * (lambda * B)
#    This table contains lambda * B as a function of the ID configuration.
#    In terms of maximum deflection angle,
#        lambda * B == 2 * pi * Brho * x'_max
#        where x'_max is taken from fitting RK trajectory within
#        40 central periods (20 before and 20 after the ID center)
#
# 3. Polynomial of order 6 is fitted to data in order to filter out
#    data fluctuations. In this case the number of data points was not
#    increased in the fitting process.
#
# 4. Excdata is generated with script
#    'generate_tables.ipynb' at the lnls-ids organization github in the
#    excitation_data folder of the repo:
#    https://github.com/lnls-ids/insertion-devices.git'
