# HEADER
# ======
# label             si-id-ue44-circularn
# harmonics         0
# main_harmonic     0 normal
# rescaling_factor  1.0
# units             mm   T.m T.m


# KParam    By[T]*Lamba[m]    Bx[T]*Lambda[m]
# ==========================================
00.00	1.556081e-02	1.556081e-02
00.11	1.556054e-02	1.556054e-02
00.22	1.555931e-02	1.555931e-02
00.33	1.555712e-02	1.555712e-02
00.44	1.555397e-02	1.555397e-02
00.55	1.554985e-02	1.554985e-02
00.66	1.554478e-02	1.554478e-02
00.77	1.553874e-02	1.553874e-02
00.88	1.553174e-02	1.553174e-02
00.99	1.552379e-02	1.552379e-02
01.10	1.551487e-02	1.551487e-02
01.21	1.550499e-02	1.550499e-02
01.32	1.549416e-02	1.549416e-02
01.43	1.548236e-02	1.548236e-02
01.54	1.546961e-02	1.546961e-02
01.65	1.545591e-02	1.545591e-02
01.76	1.544125e-02	1.544125e-02
01.87	1.542563e-02	1.542563e-02
01.98	1.540906e-02	1.540906e-02
02.09	1.539154e-02	1.539154e-02
02.20	1.537306e-02	1.537306e-02
02.31	1.535364e-02	1.535364e-02
02.42	1.533327e-02	1.533327e-02
02.53	1.531194e-02	1.531194e-02
02.64	1.528968e-02	1.528968e-02
02.75	1.526646e-02	1.526646e-02
02.86	1.524230e-02	1.524230e-02
02.97	1.521720e-02	1.521720e-02
03.08	1.519116e-02	1.519116e-02
03.19	1.516418e-02	1.516418e-02
03.30	1.513627e-02	1.513627e-02
03.41	1.510741e-02	1.510741e-02
03.52	1.507763e-02	1.507763e-02
03.63	1.504691e-02	1.504691e-02
03.74	1.501526e-02	1.501526e-02
03.85	1.498268e-02	1.498268e-02
03.96	1.494918e-02	1.494918e-02
04.07	1.491475e-02	1.491475e-02
04.18	1.487940e-02	1.487940e-02
04.29	1.484313e-02	1.484313e-02
04.40	1.480594e-02	1.480594e-02
04.52	1.476784e-02	1.476784e-02
04.63	1.472883e-02	1.472883e-02
04.74	1.468890e-02	1.468890e-02
04.85	1.464806e-02	1.464806e-02
04.96	1.460632e-02	1.460632e-02
05.07	1.456368e-02	1.456368e-02
05.18	1.452014e-02	1.452014e-02
05.29	1.447570e-02	1.447570e-02
05.40	1.443036e-02	1.443036e-02
05.51	1.438413e-02	1.438413e-02
05.62	1.433702e-02	1.433702e-02
05.73	1.428901e-02	1.428901e-02
05.84	1.424012e-02	1.424012e-02
05.95	1.419036e-02	1.419036e-02
06.06	1.413971e-02	1.413971e-02
06.17	1.408819e-02	1.408819e-02
06.28	1.403580e-02	1.403580e-02
06.39	1.398255e-02	1.398255e-02
06.50	1.392842e-02	1.392842e-02
06.61	1.387344e-02	1.387344e-02
06.72	1.381760e-02	1.381760e-02
06.83	1.376091e-02	1.376091e-02
06.94	1.370336e-02	1.370336e-02
07.05	1.364497e-02	1.364497e-02
07.16	1.358573e-02	1.358573e-02
07.27	1.352565e-02	1.352565e-02
07.38	1.346474e-02	1.346474e-02
07.49	1.340300e-02	1.340300e-02
07.60	1.334042e-02	1.334042e-02
07.71	1.327702e-02	1.327702e-02
07.82	1.321281e-02	1.321281e-02
07.93	1.314777e-02	1.314777e-02
08.04	1.308192e-02	1.308192e-02
08.15	1.301526e-02	1.301526e-02
08.26	1.294780e-02	1.294780e-02
08.37	1.287954e-02	1.287954e-02
08.48	1.281048e-02	1.281048e-02
08.59	1.274063e-02	1.274063e-02
08.70	1.266999e-02	1.266999e-02
08.81	1.259857e-02	1.259857e-02
08.92	1.252637e-02	1.252637e-02
09.03	1.245339e-02	1.245339e-02
09.14	1.237965e-02	1.237965e-02
09.25	1.230514e-02	1.230514e-02
09.36	1.222987e-02	1.222987e-02
09.47	1.215384e-02	1.215384e-02
09.58	1.207706e-02	1.207706e-02
09.69	1.199954e-02	1.199954e-02
09.80	1.192127e-02	1.192127e-02
09.91	1.184227e-02	1.184227e-02
10.02	1.176253e-02	1.176253e-02
10.13	1.168207e-02	1.168207e-02
10.24	1.160088e-02	1.160088e-02
10.35	1.151898e-02	1.151898e-02
10.46	1.143636e-02	1.143636e-02
10.57	1.135304e-02	1.135304e-02
10.68	1.126902e-02	1.126902e-02
10.79	1.118430e-02	1.118430e-02
10.90	1.109889e-02	1.109889e-02
11.01	1.101279e-02	1.101279e-02
11.12	1.092601e-02	1.092601e-02
11.23	1.083856e-02	1.083856e-02
11.34	1.075043e-02	1.075043e-02
11.45	1.066164e-02	1.066164e-02
11.56	1.057219e-02	1.057219e-02
11.67	1.048209e-02	1.048209e-02
11.78	1.039134e-02	1.039134e-02
11.89	1.029995e-02	1.029995e-02
12.00	1.020792e-02	1.020792e-02
12.11	1.011526e-02	1.011526e-02
12.22	1.002198e-02	1.002198e-02
12.33	9.928072e-03	9.928072e-03
12.44	9.833553e-03	9.833553e-03
12.55	9.738427e-03	9.738427e-03
12.66	9.642698e-03	9.642698e-03
12.77	9.546373e-03	9.546373e-03
12.88	9.449459e-03	9.449459e-03
12.99	9.351960e-03	9.351960e-03
13.10	9.253882e-03	9.253882e-03
13.21	9.155233e-03	9.155233e-03
13.32	9.056018e-03	9.056018e-03
13.43	8.956242e-03	8.956242e-03
13.55	8.855914e-03	8.855914e-03
13.66	8.755037e-03	8.755037e-03
13.77	8.653620e-03	8.653620e-03
13.88	8.551667e-03	8.551667e-03
13.99	8.449186e-03	8.449186e-03
14.10	8.346182e-03	8.346182e-03
14.21	8.242662e-03	8.242662e-03
14.32	8.138633e-03	8.138633e-03
14.43	8.034101e-03	8.034101e-03
14.54	7.929072e-03	7.929072e-03
14.65	7.823552e-03	7.823552e-03
14.76	7.717550e-03	7.717550e-03
14.87	7.611070e-03	7.611070e-03
14.98	7.504119e-03	7.504119e-03
15.09	7.396705e-03	7.396705e-03
15.20	7.288833e-03	7.288833e-03
15.31	7.180510e-03	7.180510e-03
15.42	7.071744e-03	7.071744e-03
15.53	6.962541e-03	6.962541e-03
15.64	6.852907e-03	6.852907e-03
15.75	6.742849e-03	6.742849e-03
15.86	6.632375e-03	6.632375e-03
15.97	6.521490e-03	6.521490e-03
16.08	6.410203e-03	6.410203e-03
16.19	6.298519e-03	6.298519e-03
16.30	6.186445e-03	6.186445e-03
16.41	6.073990e-03	6.073990e-03
16.52	5.961158e-03	5.961158e-03
16.63	5.847959e-03	5.847959e-03
16.74	5.734397e-03	5.734397e-03
16.85	5.620481e-03	5.620481e-03
16.96	5.506218e-03	5.506218e-03
17.07	5.391614e-03	5.391614e-03
17.18	5.276677e-03	5.276677e-03
17.29	5.161414e-03	5.161414e-03
17.40	5.045832e-03	5.045832e-03
17.51	4.929937e-03	4.929937e-03
17.62	4.813738e-03	4.813738e-03
17.73	4.697242e-03	4.697242e-03
17.84	4.580455e-03	4.580455e-03
17.95	4.463384e-03	4.463384e-03
18.06	4.346038e-03	4.346038e-03
18.17	4.228423e-03	4.228423e-03
18.28	4.110547e-03	4.110547e-03
18.39	3.992417e-03	3.992417e-03
18.50	3.874039e-03	3.874039e-03
18.61	3.755423e-03	3.755423e-03
18.72	3.636574e-03	3.636574e-03
18.83	3.517500e-03	3.517500e-03
18.94	3.398209e-03	3.398209e-03
19.05	3.278708e-03	3.278708e-03
19.16	3.159004e-03	3.159004e-03
19.27	3.039104e-03	3.039104e-03
19.38	2.919017e-03	2.919017e-03
19.49	2.798750e-03	2.798750e-03
19.60	2.678309e-03	2.678309e-03
19.71	2.557703e-03	2.557703e-03
19.82	2.436939e-03	2.436939e-03
19.93	2.316024e-03	2.316024e-03
20.04	2.194966e-03	2.194966e-03
20.15	2.073772e-03	2.073772e-03
20.26	1.952450e-03	1.952450e-03
20.37	1.831007e-03	1.831007e-03
20.48	1.709451e-03	1.709451e-03
20.59	1.587789e-03	1.587789e-03
20.70	1.466029e-03	1.466029e-03
20.81	1.344179e-03	1.344179e-03
20.92	1.222245e-03	1.222245e-03
21.03	1.100236e-03	1.100236e-03
21.14	9.781593e-04	9.781593e-04
21.25	8.560217e-04	8.560217e-04
21.36	7.338312e-04	7.338312e-04
21.47	6.115953e-04	6.115953e-04
21.58	4.893216e-04	4.893216e-04
21.69	3.670177e-04	3.670177e-04
21.80	2.446911e-04	2.446911e-04
21.91	1.223493e-04	1.223493e-04
22.02	9.528260e-19	9.528260e-19

# COMMENTS
# ========
#
# 1. Measurement data at the sharepoint undulators:
#    https://cnpemcamp.sharepoint.com/:f:/s/lnls/projects/Undulators/IgA3bd53KAlKSJ_5A4QNXcnWASNjCeDJ-RjK-mj16EaL4tw?e=f1dFxD
#
# 2. K ~ 93.3729/(T.m) * (lambda * B)
#    This table contains lambda * B as a function of the ID configuration.
#    In terms of maximum deflection angle,
#        lambda * B == 2 * pi * Brho * x'_max
#        where x'_max is taken from fitting RK trajectory within
#        40 central periods (20 before and 20 after the ID center)
#
# 3. Polynomial of order 6 is fitted to data in order to filter out
#    data fluctuations. In this case the number of data points was not
#    increased in the fitting process.
#
# 4. Excdata is generated with script
#    'generate_tables.ipynb' at the lnls-ids organization github in the
#    excitation_data folder of the repo:
#    https://github.com/lnls-ids/insertion-devices.git
