# HEADER
# ======
# label             si-id-apu22-1991d-horizontal
# harmonics         0
# main_harmonic     0 normal
# rescaling_factor  1.0
# units             mm   T.m T.m


# KParam    By[T]*Lamba[m]    Bx[T]*Lambda[m]
# ==========================================
00.00	1.568307e-02	0.000000e+00
00.06	1.568837e-02	0.000000e+00
00.11	1.569265e-02	0.000000e+00
00.17	1.569590e-02	0.000000e+00
00.23	1.569813e-02	0.000000e+00
00.28	1.569933e-02	0.000000e+00
00.34	1.569950e-02	0.000000e+00
00.40	1.569865e-02	0.000000e+00
00.45	1.569678e-02	0.000000e+00
00.51	1.569387e-02	0.000000e+00
00.57	1.568995e-02	0.000000e+00
00.62	1.568499e-02	0.000000e+00
00.68	1.567902e-02	0.000000e+00
00.74	1.567202e-02	0.000000e+00
00.79	1.566399e-02	0.000000e+00
00.85	1.565494e-02	0.000000e+00
00.91	1.564487e-02	0.000000e+00
00.96	1.563377e-02	0.000000e+00
01.02	1.562166e-02	0.000000e+00
01.08	1.560852e-02	0.000000e+00
01.13	1.559437e-02	0.000000e+00
01.19	1.557919e-02	0.000000e+00
01.25	1.556300e-02	0.000000e+00
01.30	1.554579e-02	0.000000e+00
01.36	1.552756e-02	0.000000e+00
01.42	1.550832e-02	0.000000e+00
01.47	1.548807e-02	0.000000e+00
01.53	1.546681e-02	0.000000e+00
01.58	1.544453e-02	0.000000e+00
01.64	1.542125e-02	0.000000e+00
01.70	1.539695e-02	0.000000e+00
01.75	1.537166e-02	0.000000e+00
01.81	1.534535e-02	0.000000e+00
01.87	1.531805e-02	0.000000e+00
01.92	1.528974e-02	0.000000e+00
01.98	1.526044e-02	0.000000e+00
02.04	1.523013e-02	0.000000e+00
02.09	1.519884e-02	0.000000e+00
02.15	1.516655e-02	0.000000e+00
02.21	1.513326e-02	0.000000e+00
02.26	1.509899e-02	0.000000e+00
02.32	1.506374e-02	0.000000e+00
02.38	1.502750e-02	0.000000e+00
02.43	1.499027e-02	0.000000e+00
02.49	1.495207e-02	0.000000e+00
02.55	1.491289e-02	0.000000e+00
02.60	1.487274e-02	0.000000e+00
02.66	1.483161e-02	0.000000e+00
02.72	1.478952e-02	0.000000e+00
02.77	1.474646e-02	0.000000e+00
02.83	1.470244e-02	0.000000e+00
02.89	1.465745e-02	0.000000e+00
02.94	1.461151e-02	0.000000e+00
03.00	1.456461e-02	0.000000e+00
03.06	1.451676e-02	0.000000e+00
03.11	1.446797e-02	0.000000e+00
03.17	1.441822e-02	0.000000e+00
03.23	1.436754e-02	0.000000e+00
03.28	1.431592e-02	0.000000e+00
03.34	1.426336e-02	0.000000e+00
03.40	1.420987e-02	0.000000e+00
03.45	1.415545e-02	0.000000e+00
03.51	1.410010e-02	0.000000e+00
03.57	1.404384e-02	0.000000e+00
03.62	1.398666e-02	0.000000e+00
03.68	1.392856e-02	0.000000e+00
03.74	1.386955e-02	0.000000e+00
03.79	1.380964e-02	0.000000e+00
03.85	1.374883e-02	0.000000e+00
03.91	1.368711e-02	0.000000e+00
03.96	1.362451e-02	0.000000e+00
04.02	1.356101e-02	0.000000e+00
04.08	1.349662e-02	0.000000e+00
04.13	1.343136e-02	0.000000e+00
04.19	1.336521e-02	0.000000e+00
04.25	1.329820e-02	0.000000e+00
04.30	1.323031e-02	0.000000e+00
04.36	1.316156e-02	0.000000e+00
04.42	1.309195e-02	0.000000e+00
04.47	1.302149e-02	0.000000e+00
04.53	1.295017e-02	0.000000e+00
04.59	1.287801e-02	0.000000e+00
04.64	1.280501e-02	0.000000e+00
04.70	1.273117e-02	0.000000e+00
04.75	1.265649e-02	0.000000e+00
04.81	1.258100e-02	0.000000e+00
04.87	1.250467e-02	0.000000e+00
04.92	1.242754e-02	0.000000e+00
04.98	1.234959e-02	0.000000e+00
05.04	1.227083e-02	0.000000e+00
05.09	1.219127e-02	0.000000e+00
05.15	1.211092e-02	0.000000e+00
05.21	1.202977e-02	0.000000e+00
05.26	1.194784e-02	0.000000e+00
05.32	1.186512e-02	0.000000e+00
05.38	1.178164e-02	0.000000e+00
05.43	1.169738e-02	0.000000e+00
05.49	1.161236e-02	0.000000e+00
05.55	1.152658e-02	0.000000e+00
05.60	1.144004e-02	0.000000e+00
05.66	1.135276e-02	0.000000e+00
05.72	1.126474e-02	0.000000e+00
05.77	1.117598e-02	0.000000e+00
05.83	1.108649e-02	0.000000e+00
05.89	1.099627e-02	0.000000e+00
05.94	1.090534e-02	0.000000e+00
06.00	1.081370e-02	0.000000e+00
06.06	1.072134e-02	0.000000e+00
06.11	1.062829e-02	0.000000e+00
06.17	1.053455e-02	0.000000e+00
06.23	1.044011e-02	0.000000e+00
06.28	1.034499e-02	0.000000e+00
06.34	1.024920e-02	0.000000e+00
06.40	1.015274e-02	0.000000e+00
06.45	1.005561e-02	0.000000e+00
06.51	9.957831e-03	0.000000e+00
06.57	9.859397e-03	0.000000e+00
06.62	9.760320e-03	0.000000e+00
06.68	9.660604e-03	0.000000e+00
06.74	9.560258e-03	0.000000e+00
06.79	9.459287e-03	0.000000e+00
06.85	9.357698e-03	0.000000e+00
06.91	9.255497e-03	0.000000e+00
06.96	9.152692e-03	0.000000e+00
07.02	9.049289e-03	0.000000e+00
07.08	8.945294e-03	0.000000e+00
07.13	8.840715e-03	0.000000e+00
07.19	8.735558e-03	0.000000e+00
07.25	8.629831e-03	0.000000e+00
07.30	8.523540e-03	0.000000e+00
07.36	8.416691e-03	0.000000e+00
07.42	8.309293e-03	0.000000e+00
07.47	8.201352e-03	0.000000e+00
07.53	8.092875e-03	0.000000e+00
07.59	7.983870e-03	0.000000e+00
07.64	7.874342e-03	0.000000e+00
07.70	7.764301e-03	0.000000e+00
07.75	7.653752e-03	0.000000e+00
07.81	7.542703e-03	0.000000e+00
07.87	7.431161e-03	0.000000e+00
07.92	7.319133e-03	0.000000e+00
07.98	7.206627e-03	0.000000e+00
08.04	7.093651e-03	0.000000e+00
08.09	6.980211e-03	0.000000e+00
08.15	6.866315e-03	0.000000e+00
08.21	6.751970e-03	0.000000e+00
08.26	6.637184e-03	0.000000e+00
08.32	6.521964e-03	0.000000e+00
08.38	6.406319e-03	0.000000e+00
08.43	6.290254e-03	0.000000e+00
08.49	6.173779e-03	0.000000e+00
08.55	6.056901e-03	0.000000e+00
08.60	5.939626e-03	0.000000e+00
08.66	5.821964e-03	0.000000e+00
08.72	5.703921e-03	0.000000e+00
08.77	5.585505e-03	0.000000e+00
08.83	5.466725e-03	0.000000e+00
08.89	5.347587e-03	0.000000e+00
08.94	5.228100e-03	0.000000e+00
09.00	5.108272e-03	0.000000e+00
09.06	4.988109e-03	0.000000e+00
09.11	4.867621e-03	0.000000e+00
09.17	4.746815e-03	0.000000e+00
09.23	4.625698e-03	0.000000e+00
09.28	4.504279e-03	0.000000e+00
09.34	4.382566e-03	0.000000e+00
09.40	4.260567e-03	0.000000e+00
09.45	4.138289e-03	0.000000e+00
09.51	4.015741e-03	0.000000e+00
09.57	3.892931e-03	0.000000e+00
09.62	3.769866e-03	0.000000e+00
09.68	3.646555e-03	0.000000e+00
09.74	3.523005e-03	0.000000e+00
09.79	3.399226e-03	0.000000e+00
09.85	3.275224e-03	0.000000e+00
09.91	3.151008e-03	0.000000e+00
09.96	3.026587e-03	0.000000e+00
10.02	2.901967e-03	0.000000e+00
10.08	2.777159e-03	0.000000e+00
10.13	2.652168e-03	0.000000e+00
10.19	2.527005e-03	0.000000e+00
10.25	2.401676e-03	0.000000e+00
10.30	2.276190e-03	0.000000e+00
10.36	2.150556e-03	0.000000e+00
10.42	2.024781e-03	0.000000e+00
10.47	1.898874e-03	0.000000e+00
10.53	1.772842e-03	0.000000e+00
10.59	1.646695e-03	0.000000e+00
10.64	1.520440e-03	0.000000e+00
10.70	1.394086e-03	0.000000e+00
10.75	1.267641e-03	0.000000e+00
10.81	1.141113e-03	0.000000e+00
10.87	1.014511e-03	0.000000e+00
10.92	8.878420e-04	0.000000e+00
10.98	7.611152e-04	0.000000e+00
11.04	6.343386e-04	0.000000e+00
11.09	5.075206e-04	0.000000e+00
11.15	3.806695e-04	0.000000e+00
11.21	2.537935e-04	0.000000e+00
11.26	1.269009e-04	0.000000e+00
11.32	9.613206e-19	0.000000e+00

# COMMENTS
# ========
#
# 1. Measurement data at the lnls-ima organization in the repo:
#    lnls-ima/id-ema.git
#
# 2. K ~ 93.3729/(T.m) * (lambda * B)
#    This table contains lambda * B as a function of the ID configuration.
#    In terms of maximum deflection angle,
#        lambda * B == 2 * pi * Brho * x'_max
#        where x'_max is taken from fitting RK trajectory within
#        40 central periods (20 before and 20 after the ID center)
#
# 3. Polynomial of order 6 is fitted to data in order to filter out
#    data fluctuations. In this case the number of data points was not
#    increased in the fitting process.
#
# 4. Excdata is generated with script
#    'generate_tables.ipynb'
